#n 289
#m 544
1 18
1 2
2 19
2 3
3 20
3 4
4 21
4 5
5 22
5 6
6 23
6 7
7 24
7 8
8 25
8 9
9 26
9 10
10 27
10 11
11 28
11 12
12 29
12 13
13 30
13 14
14 31
14 15
15 32
15 16
16 33
16 17
17 34
18 35
18 19
19 36
19 20
20 37
20 21
21 38
21 22
22 39
22 23
23 40
23 24
24 41
24 25
25 42
25 26
26 43
26 27
27 44
27 28
28 45
28 29
29 46
29 30
30 47
30 31
31 48
31 32
32 49
32 33
33 50
33 34
34 51
35 52
35 36
36 53
36 37
37 54
37 38
38 55
38 39
39 56
39 40
40 57
40 41
41 58
41 42
42 59
42 43
43 60
43 44
44 61
44 45
45 62
45 46
46 63
46 47
47 64
47 48
48 65
48 49
49 66
49 50
50 67
50 51
51 68
52 69
52 53
53 70
53 54
54 71
54 55
55 72
55 56
56 73
56 57
57 74
57 58
58 75
58 59
59 76
59 60
60 77
60 61
61 78
61 62
62 79
62 63
63 80
63 64
64 81
64 65
65 82
65 66
66 83
66 67
67 84
67 68
68 85
69 86
69 70
70 87
70 71
71 88
71 72
72 89
72 73
73 90
73 74
74 91
74 75
75 92
75 76
76 93
76 77
77 94
77 78
78 95
78 79
79 96
79 80
80 97
80 81
81 98
81 82
82 99
82 83
83 100
83 84
84 101
84 85
85 102
86 103
86 87
87 104
87 88
88 105
88 89
89 106
89 90
90 107
90 91
91 108
91 92
92 109
92 93
93 110
93 94
94 111
94 95
95 112
95 96
96 113
96 97
97 114
97 98
98 115
98 99
99 116
99 100
100 117
100 101
101 118
101 102
102 119
103 120
103 104
104 121
104 105
105 122
105 106
106 123
106 107
107 124
107 108
108 125
108 109
109 126
109 110
110 127
110 111
111 128
111 112
112 129
112 113
113 130
113 114
114 131
114 115
115 132
115 116
116 133
116 117
117 134
117 118
118 135
118 119
119 136
120 137
120 121
121 138
121 122
122 139
122 123
123 140
123 124
124 141
124 125
125 142
125 126
126 143
126 127
127 144
127 128
128 145
128 129
129 146
129 130
130 147
130 131
131 148
131 132
132 149
132 133
133 150
133 134
134 151
134 135
135 152
135 136
136 153
137 154
137 138
138 155
138 139
139 156
139 140
140 157
140 141
141 158
141 142
142 159
142 143
143 160
143 144
144 161
144 145
145 162
145 146
146 163
146 147
147 164
147 148
148 165
148 149
149 166
149 150
150 167
150 151
151 168
151 152
152 169
152 153
153 170
154 171
154 155
155 172
155 156
156 173
156 157
157 174
157 158
158 175
158 159
159 176
159 160
160 177
160 161
161 178
161 162
162 179
162 163
163 180
163 164
164 181
164 165
165 182
165 166
166 183
166 167
167 184
167 168
168 185
168 169
169 186
169 170
170 187
171 188
171 172
172 189
172 173
173 190
173 174
174 191
174 175
175 192
175 176
176 193
176 177
177 194
177 178
178 195
178 179
179 196
179 180
180 197
180 181
181 198
181 182
182 199
182 183
183 200
183 184
184 201
184 185
185 202
185 186
186 203
186 187
187 204
188 205
188 189
189 206
189 190
190 207
190 191
191 208
191 192
192 209
192 193
193 210
193 194
194 211
194 195
195 212
195 196
196 213
196 197
197 214
197 198
198 215
198 199
199 216
199 200
200 217
200 201
201 218
201 202
202 219
202 203
203 220
203 204
204 221
205 222
205 206
206 223
206 207
207 224
207 208
208 225
208 209
209 226
209 210
210 227
210 211
211 228
211 212
212 229
212 213
213 230
213 214
214 231
214 215
215 232
215 216
216 233
216 217
217 234
217 218
218 235
218 219
219 236
219 220
220 237
220 221
221 238
222 239
222 223
223 240
223 224
224 241
224 225
225 242
225 226
226 243
226 227
227 244
227 228
228 245
228 229
229 246
229 230
230 247
230 231
231 248
231 232
232 249
232 233
233 250
233 234
234 251
234 235
235 252
235 236
236 253
236 237
237 254
237 238
238 255
239 256
239 240
240 257
240 241
241 258
241 242
242 259
242 243
243 260
243 244
244 261
244 245
245 262
245 246
246 263
246 247
247 264
247 248
248 265
248 249
249 266
249 250
250 267
250 251
251 268
251 252
252 269
252 253
253 270
253 254
254 271
254 255
255 272
256 273
256 257
257 274
257 258
258 275
258 259
259 276
259 260
260 277
260 261
261 278
261 262
262 279
262 263
263 280
263 264
264 281
264 265
265 282
265 266
266 283
266 267
267 284
267 268
268 285
268 269
269 286
269 270
270 287
270 271
271 288
271 272
272 289
273 274
274 275
275 276
276 277
277 278
278 279
279 280
280 281
281 282
282 283
283 284
284 285
285 286
286 287
287 288
288 289
