#n 144
#m 264
1 13
1 2
2 14
2 3
3 15
3 4
4 16
4 5
5 17
5 6
6 18
6 7
7 19
7 8
8 20
8 9
9 21
9 10
10 22
10 11
11 23
11 12
12 24
13 25
13 14
14 26
14 15
15 27
15 16
16 28
16 17
17 29
17 18
18 30
18 19
19 31
19 20
20 32
20 21
21 33
21 22
22 34
22 23
23 35
23 24
24 36
25 37
25 26
26 38
26 27
27 39
27 28
28 40
28 29
29 41
29 30
30 42
30 31
31 43
31 32
32 44
32 33
33 45
33 34
34 46
34 35
35 47
35 36
36 48
37 49
37 38
38 50
38 39
39 51
39 40
40 52
40 41
41 53
41 42
42 54
42 43
43 55
43 44
44 56
44 45
45 57
45 46
46 58
46 47
47 59
47 48
48 60
49 61
49 50
50 62
50 51
51 63
51 52
52 64
52 53
53 65
53 54
54 66
54 55
55 67
55 56
56 68
56 57
57 69
57 58
58 70
58 59
59 71
59 60
60 72
61 73
61 62
62 74
62 63
63 75
63 64
64 76
64 65
65 77
65 66
66 78
66 67
67 79
67 68
68 80
68 69
69 81
69 70
70 82
70 71
71 83
71 72
72 84
73 85
73 74
74 86
74 75
75 87
75 76
76 88
76 77
77 89
77 78
78 90
78 79
79 91
79 80
80 92
80 81
81 93
81 82
82 94
82 83
83 95
83 84
84 96
85 97
85 86
86 98
86 87
87 99
87 88
88 100
88 89
89 101
89 90
90 102
90 91
91 103
91 92
92 104
92 93
93 105
93 94
94 106
94 95
95 107
95 96
96 108
97 109
97 98
98 110
98 99
99 111
99 100
100 112
100 101
101 113
101 102
102 114
102 103
103 115
103 104
104 116
104 105
105 117
105 106
106 118
106 107
107 119
107 108
108 120
109 121
109 110
110 122
110 111
111 123
111 112
112 124
112 113
113 125
113 114
114 126
114 115
115 127
115 116
116 128
116 117
117 129
117 118
118 130
118 119
119 131
119 120
120 132
121 133
121 122
122 134
122 123
123 135
123 124
124 136
124 125
125 137
125 126
126 138
126 127
127 139
127 128
128 140
128 129
129 141
129 130
130 142
130 131
131 143
131 132
132 144
133 134
134 135
135 136
136 137
137 138
138 139
139 140
140 141
141 142
142 143
143 144
