#n 169
#m 312
1 14
1 2
2 15
2 3
3 16
3 4
4 17
4 5
5 18
5 6
6 19
6 7
7 20
7 8
8 21
8 9
9 22
9 10
10 23
10 11
11 24
11 12
12 25
12 13
13 26
14 27
14 15
15 28
15 16
16 29
16 17
17 30
17 18
18 31
18 19
19 32
19 20
20 33
20 21
21 34
21 22
22 35
22 23
23 36
23 24
24 37
24 25
25 38
25 26
26 39
27 40
27 28
28 41
28 29
29 42
29 30
30 43
30 31
31 44
31 32
32 45
32 33
33 46
33 34
34 47
34 35
35 48
35 36
36 49
36 37
37 50
37 38
38 51
38 39
39 52
40 53
40 41
41 54
41 42
42 55
42 43
43 56
43 44
44 57
44 45
45 58
45 46
46 59
46 47
47 60
47 48
48 61
48 49
49 62
49 50
50 63
50 51
51 64
51 52
52 65
53 66
53 54
54 67
54 55
55 68
55 56
56 69
56 57
57 70
57 58
58 71
58 59
59 72
59 60
60 73
60 61
61 74
61 62
62 75
62 63
63 76
63 64
64 77
64 65
65 78
66 79
66 67
67 80
67 68
68 81
68 69
69 82
69 70
70 83
70 71
71 84
71 72
72 85
72 73
73 86
73 74
74 87
74 75
75 88
75 76
76 89
76 77
77 90
77 78
78 91
79 92
79 80
80 93
80 81
81 94
81 82
82 95
82 83
83 96
83 84
84 97
84 85
85 98
85 86
86 99
86 87
87 100
87 88
88 101
88 89
89 102
89 90
90 103
90 91
91 104
92 105
92 93
93 106
93 94
94 107
94 95
95 108
95 96
96 109
96 97
97 110
97 98
98 111
98 99
99 112
99 100
100 113
100 101
101 114
101 102
102 115
102 103
103 116
103 104
104 117
105 118
105 106
106 119
106 107
107 120
107 108
108 121
108 109
109 122
109 110
110 123
110 111
111 124
111 112
112 125
112 113
113 126
113 114
114 127
114 115
115 128
115 116
116 129
116 117
117 130
118 131
118 119
119 132
119 120
120 133
120 121
121 134
121 122
122 135
122 123
123 136
123 124
124 137
124 125
125 138
125 126
126 139
126 127
127 140
127 128
128 141
128 129
129 142
129 130
130 143
131 144
131 132
132 145
132 133
133 146
133 134
134 147
134 135
135 148
135 136
136 149
136 137
137 150
137 138
138 151
138 139
139 152
139 140
140 153
140 141
141 154
141 142
142 155
142 143
143 156
144 157
144 145
145 158
145 146
146 159
146 147
147 160
147 148
148 161
148 149
149 162
149 150
150 163
150 151
151 164
151 152
152 165
152 153
153 166
153 154
154 167
154 155
155 168
155 156
156 169
157 158
158 159
159 160
160 161
161 162
162 163
163 164
164 165
165 166
166 167
167 168
168 169
