#n 361
#m 684
1 20
1 2
2 21
2 3
3 22
3 4
4 23
4 5
5 24
5 6
6 25
6 7
7 26
7 8
8 27
8 9
9 28
9 10
10 29
10 11
11 30
11 12
12 31
12 13
13 32
13 14
14 33
14 15
15 34
15 16
16 35
16 17
17 36
17 18
18 37
18 19
19 38
20 39
20 21
21 40
21 22
22 41
22 23
23 42
23 24
24 43
24 25
25 44
25 26
26 45
26 27
27 46
27 28
28 47
28 29
29 48
29 30
30 49
30 31
31 50
31 32
32 51
32 33
33 52
33 34
34 53
34 35
35 54
35 36
36 55
36 37
37 56
37 38
38 57
39 58
39 40
40 59
40 41
41 60
41 42
42 61
42 43
43 62
43 44
44 63
44 45
45 64
45 46
46 65
46 47
47 66
47 48
48 67
48 49
49 68
49 50
50 69
50 51
51 70
51 52
52 71
52 53
53 72
53 54
54 73
54 55
55 74
55 56
56 75
56 57
57 76
58 77
58 59
59 78
59 60
60 79
60 61
61 80
61 62
62 81
62 63
63 82
63 64
64 83
64 65
65 84
65 66
66 85
66 67
67 86
67 68
68 87
68 69
69 88
69 70
70 89
70 71
71 90
71 72
72 91
72 73
73 92
73 74
74 93
74 75
75 94
75 76
76 95
77 96
77 78
78 97
78 79
79 98
79 80
80 99
80 81
81 100
81 82
82 101
82 83
83 102
83 84
84 103
84 85
85 104
85 86
86 105
86 87
87 106
87 88
88 107
88 89
89 108
89 90
90 109
90 91
91 110
91 92
92 111
92 93
93 112
93 94
94 113
94 95
95 114
96 115
96 97
97 116
97 98
98 117
98 99
99 118
99 100
100 119
100 101
101 120
101 102
102 121
102 103
103 122
103 104
104 123
104 105
105 124
105 106
106 125
106 107
107 126
107 108
108 127
108 109
109 128
109 110
110 129
110 111
111 130
111 112
112 131
112 113
113 132
113 114
114 133
115 134
115 116
116 135
116 117
117 136
117 118
118 137
118 119
119 138
119 120
120 139
120 121
121 140
121 122
122 141
122 123
123 142
123 124
124 143
124 125
125 144
125 126
126 145
126 127
127 146
127 128
128 147
128 129
129 148
129 130
130 149
130 131
131 150
131 132
132 151
132 133
133 152
134 153
134 135
135 154
135 136
136 155
136 137
137 156
137 138
138 157
138 139
139 158
139 140
140 159
140 141
141 160
141 142
142 161
142 143
143 162
143 144
144 163
144 145
145 164
145 146
146 165
146 147
147 166
147 148
148 167
148 149
149 168
149 150
150 169
150 151
151 170
151 152
152 171
153 172
153 154
154 173
154 155
155 174
155 156
156 175
156 157
157 176
157 158
158 177
158 159
159 178
159 160
160 179
160 161
161 180
161 162
162 181
162 163
163 182
163 164
164 183
164 165
165 184
165 166
166 185
166 167
167 186
167 168
168 187
168 169
169 188
169 170
170 189
170 171
171 190
172 191
172 173
173 192
173 174
174 193
174 175
175 194
175 176
176 195
176 177
177 196
177 178
178 197
178 179
179 198
179 180
180 199
180 181
181 200
181 182
182 201
182 183
183 202
183 184
184 203
184 185
185 204
185 186
186 205
186 187
187 206
187 188
188 207
188 189
189 208
189 190
190 209
191 210
191 192
192 211
192 193
193 212
193 194
194 213
194 195
195 214
195 196
196 215
196 197
197 216
197 198
198 217
198 199
199 218
199 200
200 219
200 201
201 220
201 202
202 221
202 203
203 222
203 204
204 223
204 205
205 224
205 206
206 225
206 207
207 226
207 208
208 227
208 209
209 228
210 229
210 211
211 230
211 212
212 231
212 213
213 232
213 214
214 233
214 215
215 234
215 216
216 235
216 217
217 236
217 218
218 237
218 219
219 238
219 220
220 239
220 221
221 240
221 222
222 241
222 223
223 242
223 224
224 243
224 225
225 244
225 226
226 245
226 227
227 246
227 228
228 247
229 248
229 230
230 249
230 231
231 250
231 232
232 251
232 233
233 252
233 234
234 253
234 235
235 254
235 236
236 255
236 237
237 256
237 238
238 257
238 239
239 258
239 240
240 259
240 241
241 260
241 242
242 261
242 243
243 262
243 244
244 263
244 245
245 264
245 246
246 265
246 247
247 266
248 267
248 249
249 268
249 250
250 269
250 251
251 270
251 252
252 271
252 253
253 272
253 254
254 273
254 255
255 274
255 256
256 275
256 257
257 276
257 258
258 277
258 259
259 278
259 260
260 279
260 261
261 280
261 262
262 281
262 263
263 282
263 264
264 283
264 265
265 284
265 266
266 285
267 286
267 268
268 287
268 269
269 288
269 270
270 289
270 271
271 290
271 272
272 291
272 273
273 292
273 274
274 293
274 275
275 294
275 276
276 295
276 277
277 296
277 278
278 297
278 279
279 298
279 280
280 299
280 281
281 300
281 282
282 301
282 283
283 302
283 284
284 303
284 285
285 304
286 305
286 287
287 306
287 288
288 307
288 289
289 308
289 290
290 309
290 291
291 310
291 292
292 311
292 293
293 312
293 294
294 313
294 295
295 314
295 296
296 315
296 297
297 316
297 298
298 317
298 299
299 318
299 300
300 319
300 301
301 320
301 302
302 321
302 303
303 322
303 304
304 323
305 324
305 306
306 325
306 307
307 326
307 308
308 327
308 309
309 328
309 310
310 329
310 311
311 330
311 312
312 331
312 313
313 332
313 314
314 333
314 315
315 334
315 316
316 335
316 317
317 336
317 318
318 337
318 319
319 338
319 320
320 339
320 321
321 340
321 322
322 341
322 323
323 342
324 343
324 325
325 344
325 326
326 345
326 327
327 346
327 328
328 347
328 329
329 348
329 330
330 349
330 331
331 350
331 332
332 351
332 333
333 352
333 334
334 353
334 335
335 354
335 336
336 355
336 337
337 356
337 338
338 357
338 339
339 358
339 340
340 359
340 341
341 360
341 342
342 361
343 344
344 345
345 346
346 347
347 348
348 349
349 350
350 351
351 352
352 353
353 354
354 355
355 356
356 357
357 358
358 359
359 360
360 361
