#n 324
#m 612
1 19
1 2
2 20
2 3
3 21
3 4
4 22
4 5
5 23
5 6
6 24
6 7
7 25
7 8
8 26
8 9
9 27
9 10
10 28
10 11
11 29
11 12
12 30
12 13
13 31
13 14
14 32
14 15
15 33
15 16
16 34
16 17
17 35
17 18
18 36
19 37
19 20
20 38
20 21
21 39
21 22
22 40
22 23
23 41
23 24
24 42
24 25
25 43
25 26
26 44
26 27
27 45
27 28
28 46
28 29
29 47
29 30
30 48
30 31
31 49
31 32
32 50
32 33
33 51
33 34
34 52
34 35
35 53
35 36
36 54
37 55
37 38
38 56
38 39
39 57
39 40
40 58
40 41
41 59
41 42
42 60
42 43
43 61
43 44
44 62
44 45
45 63
45 46
46 64
46 47
47 65
47 48
48 66
48 49
49 67
49 50
50 68
50 51
51 69
51 52
52 70
52 53
53 71
53 54
54 72
55 73
55 56
56 74
56 57
57 75
57 58
58 76
58 59
59 77
59 60
60 78
60 61
61 79
61 62
62 80
62 63
63 81
63 64
64 82
64 65
65 83
65 66
66 84
66 67
67 85
67 68
68 86
68 69
69 87
69 70
70 88
70 71
71 89
71 72
72 90
73 91
73 74
74 92
74 75
75 93
75 76
76 94
76 77
77 95
77 78
78 96
78 79
79 97
79 80
80 98
80 81
81 99
81 82
82 100
82 83
83 101
83 84
84 102
84 85
85 103
85 86
86 104
86 87
87 105
87 88
88 106
88 89
89 107
89 90
90 108
91 109
91 92
92 110
92 93
93 111
93 94
94 112
94 95
95 113
95 96
96 114
96 97
97 115
97 98
98 116
98 99
99 117
99 100
100 118
100 101
101 119
101 102
102 120
102 103
103 121
103 104
104 122
104 105
105 123
105 106
106 124
106 107
107 125
107 108
108 126
109 127
109 110
110 128
110 111
111 129
111 112
112 130
112 113
113 131
113 114
114 132
114 115
115 133
115 116
116 134
116 117
117 135
117 118
118 136
118 119
119 137
119 120
120 138
120 121
121 139
121 122
122 140
122 123
123 141
123 124
124 142
124 125
125 143
125 126
126 144
127 145
127 128
128 146
128 129
129 147
129 130
130 148
130 131
131 149
131 132
132 150
132 133
133 151
133 134
134 152
134 135
135 153
135 136
136 154
136 137
137 155
137 138
138 156
138 139
139 157
139 140
140 158
140 141
141 159
141 142
142 160
142 143
143 161
143 144
144 162
145 163
145 146
146 164
146 147
147 165
147 148
148 166
148 149
149 167
149 150
150 168
150 151
151 169
151 152
152 170
152 153
153 171
153 154
154 172
154 155
155 173
155 156
156 174
156 157
157 175
157 158
158 176
158 159
159 177
159 160
160 178
160 161
161 179
161 162
162 180
163 181
163 164
164 182
164 165
165 183
165 166
166 184
166 167
167 185
167 168
168 186
168 169
169 187
169 170
170 188
170 171
171 189
171 172
172 190
172 173
173 191
173 174
174 192
174 175
175 193
175 176
176 194
176 177
177 195
177 178
178 196
178 179
179 197
179 180
180 198
181 199
181 182
182 200
182 183
183 201
183 184
184 202
184 185
185 203
185 186
186 204
186 187
187 205
187 188
188 206
188 189
189 207
189 190
190 208
190 191
191 209
191 192
192 210
192 193
193 211
193 194
194 212
194 195
195 213
195 196
196 214
196 197
197 215
197 198
198 216
199 217
199 200
200 218
200 201
201 219
201 202
202 220
202 203
203 221
203 204
204 222
204 205
205 223
205 206
206 224
206 207
207 225
207 208
208 226
208 209
209 227
209 210
210 228
210 211
211 229
211 212
212 230
212 213
213 231
213 214
214 232
214 215
215 233
215 216
216 234
217 235
217 218
218 236
218 219
219 237
219 220
220 238
220 221
221 239
221 222
222 240
222 223
223 241
223 224
224 242
224 225
225 243
225 226
226 244
226 227
227 245
227 228
228 246
228 229
229 247
229 230
230 248
230 231
231 249
231 232
232 250
232 233
233 251
233 234
234 252
235 253
235 236
236 254
236 237
237 255
237 238
238 256
238 239
239 257
239 240
240 258
240 241
241 259
241 242
242 260
242 243
243 261
243 244
244 262
244 245
245 263
245 246
246 264
246 247
247 265
247 248
248 266
248 249
249 267
249 250
250 268
250 251
251 269
251 252
252 270
253 271
253 254
254 272
254 255
255 273
255 256
256 274
256 257
257 275
257 258
258 276
258 259
259 277
259 260
260 278
260 261
261 279
261 262
262 280
262 263
263 281
263 264
264 282
264 265
265 283
265 266
266 284
266 267
267 285
267 268
268 286
268 269
269 287
269 270
270 288
271 289
271 272
272 290
272 273
273 291
273 274
274 292
274 275
275 293
275 276
276 294
276 277
277 295
277 278
278 296
278 279
279 297
279 280
280 298
280 281
281 299
281 282
282 300
282 283
283 301
283 284
284 302
284 285
285 303
285 286
286 304
286 287
287 305
287 288
288 306
289 307
289 290
290 308
290 291
291 309
291 292
292 310
292 293
293 311
293 294
294 312
294 295
295 313
295 296
296 314
296 297
297 315
297 298
298 316
298 299
299 317
299 300
300 318
300 301
301 319
301 302
302 320
302 303
303 321
303 304
304 322
304 305
305 323
305 306
306 324
307 308
308 309
309 310
310 311
311 312
312 313
313 314
314 315
315 316
316 317
317 318
318 319
319 320
320 321
321 322
322 323
323 324
