#n 196
#m 364
1 15
1 2
2 16
2 3
3 17
3 4
4 18
4 5
5 19
5 6
6 20
6 7
7 21
7 8
8 22
8 9
9 23
9 10
10 24
10 11
11 25
11 12
12 26
12 13
13 27
13 14
14 28
15 29
15 16
16 30
16 17
17 31
17 18
18 32
18 19
19 33
19 20
20 34
20 21
21 35
21 22
22 36
22 23
23 37
23 24
24 38
24 25
25 39
25 26
26 40
26 27
27 41
27 28
28 42
29 43
29 30
30 44
30 31
31 45
31 32
32 46
32 33
33 47
33 34
34 48
34 35
35 49
35 36
36 50
36 37
37 51
37 38
38 52
38 39
39 53
39 40
40 54
40 41
41 55
41 42
42 56
43 57
43 44
44 58
44 45
45 59
45 46
46 60
46 47
47 61
47 48
48 62
48 49
49 63
49 50
50 64
50 51
51 65
51 52
52 66
52 53
53 67
53 54
54 68
54 55
55 69
55 56
56 70
57 71
57 58
58 72
58 59
59 73
59 60
60 74
60 61
61 75
61 62
62 76
62 63
63 77
63 64
64 78
64 65
65 79
65 66
66 80
66 67
67 81
67 68
68 82
68 69
69 83
69 70
70 84
71 85
71 72
72 86
72 73
73 87
73 74
74 88
74 75
75 89
75 76
76 90
76 77
77 91
77 78
78 92
78 79
79 93
79 80
80 94
80 81
81 95
81 82
82 96
82 83
83 97
83 84
84 98
85 99
85 86
86 100
86 87
87 101
87 88
88 102
88 89
89 103
89 90
90 104
90 91
91 105
91 92
92 106
92 93
93 107
93 94
94 108
94 95
95 109
95 96
96 110
96 97
97 111
97 98
98 112
99 113
99 100
100 114
100 101
101 115
101 102
102 116
102 103
103 117
103 104
104 118
104 105
105 119
105 106
106 120
106 107
107 121
107 108
108 122
108 109
109 123
109 110
110 124
110 111
111 125
111 112
112 126
113 127
113 114
114 128
114 115
115 129
115 116
116 130
116 117
117 131
117 118
118 132
118 119
119 133
119 120
120 134
120 121
121 135
121 122
122 136
122 123
123 137
123 124
124 138
124 125
125 139
125 126
126 140
127 141
127 128
128 142
128 129
129 143
129 130
130 144
130 131
131 145
131 132
132 146
132 133
133 147
133 134
134 148
134 135
135 149
135 136
136 150
136 137
137 151
137 138
138 152
138 139
139 153
139 140
140 154
141 155
141 142
142 156
142 143
143 157
143 144
144 158
144 145
145 159
145 146
146 160
146 147
147 161
147 148
148 162
148 149
149 163
149 150
150 164
150 151
151 165
151 152
152 166
152 153
153 167
153 154
154 168
155 169
155 156
156 170
156 157
157 171
157 158
158 172
158 159
159 173
159 160
160 174
160 161
161 175
161 162
162 176
162 163
163 177
163 164
164 178
164 165
165 179
165 166
166 180
166 167
167 181
167 168
168 182
169 183
169 170
170 184
170 171
171 185
171 172
172 186
172 173
173 187
173 174
174 188
174 175
175 189
175 176
176 190
176 177
177 191
177 178
178 192
178 179
179 193
179 180
180 194
180 181
181 195
181 182
182 196
183 184
184 185
185 186
186 187
187 188
188 189
189 190
190 191
191 192
192 193
193 194
194 195
195 196
